
~CHAR: 32 ' '
000000
000000
000000
000000
000000
000000
000000


~CHAR: 33 '!'
001000
001000
001000
001000
000000
001000
000000


~CHAR: 34 '"'
010100
010100
010100
000000
000000
000000
000000


~CHAR: 35 '#'
010100
010100
111110
010100
111110
010100
010100


~CHAR: 36 '$'
001000
011110
101000
011100
001010
111100
001000

~CHAR: 37 '%'
110000
110010
000100
001000
010000
100110
000110


~CHAR: 38 '&'
011000
100100
101000
010000
101010
100100
011010


~CHAR: 39 '''
001000
001000
001000
000000
000000
000000
000000


~CHAR: 40 '('
000100
001000
010000
010000
010000
001000
000100


~CHAR: 41 ')'
010000
001000
000100
000100
000100
001000
010000


~CHAR: 42 '*'
000000
010100
001000
111110
001000
010100
000000


~CHAR: 43 '+'
000000
001000
001000
111110
001000
001000
000000


~CHAR: 44 ','
000000
000000
000000
000000
001000
001000
010000

~CHAR: 45 '-'
000000
000000
000000
111110
000000
000000
000000

~CHAR: 46 '.'
000000
000000
000000
000000
000000
001000
000000

~CHAR: 47 '/'
000010
000100
001000
010000
100000
000000
000000

~CHAR: 48 '0'
011100
100010
100110
101010
110010
100010
011100

~CHAR: 49 '1'
001000
011000
001000
001000
001000
001000
011100

~CHAR: 50 '2'
011100
100010
000010
001100
010000
100000
111110

~CHAR: 51 '3'
011100
100010
000010
001100
000010
100010
011100

~CHAR: 52 '4'
000100
001100
010100
100100
111110
000100
000100

~CHAR: 53 '5'
111110
100000
111100
000010
000010
100010
011100

~CHAR: 54 '6'
001100
010000
100000
111100
100010
100010
011100

~CHAR: 55 '7'
111110
000010
000100
001000
010000
010000
010000

~CHAR: 56 '8'
011100
100010
100010
011100
100010
100010
011100

~CHAR: 57 '9'
011100
100010
100010
011110
000010
000100
011000

~CHAR: 58 ':'
000000
001000
000000
000000
000000
001000
000000

~CHAR: 59 ';'
000000
001000
000000
000000
001000
001000
010000

~CHAR: 60 '<'
000100
001000
010000
100000
010000
001000
000100

~CHAR: 61 '='
000000
111110
000000
111110
000000
000000
000000

~CHAR: 62 '>'
010000
001000
000100
000010
000100
001000
010000

~CHAR: 63 '?'
011100
100010
000010
001100
001000
000000
001000

~CHAR: 64 '@'
011100
100010
101110
101010
101110
100000
011100

~CHAR: 65 'A'
001000
010100
100010
111110
100010
100010
100010

~CHAR: 66 'B'
111100
100010
100010
111100
100010
100010
111100

~CHAR: 67 '~C'
011100
100010
100000
100000
100000
100010
011100

~CHAR: 68 'D'
111000
100100
100010
100010
100010
100100
111000

~CHAR: 69 'E'
111110
100000
100000
111100
100000
100000
111110

~CHAR: 70 'F'
111110
100000
100000
111100
100000
100000
100000

~CHAR: 71 'G'
011100
100010
100000
101110
100010
100010
011100

~CHAR: 72 'H'
100010
100010
100010
111110
100010
100010
100010


~CHAR: 73 'I'
011100
001000
001000
001000
001000
001000
011100


~CHAR: 74 'J'
000010
000010
000010
000010
000010
100010
011100

~CHAR: 75 'K'
100010
100100
101000
110000
101000
100100
100010

~CHAR: 76 'L'
100000
100000
100000
100000
100000
100000
111110

~CHAR: 77 'M'
100010
110110
101010
101010
100010
100010
100010


~CHAR: 78 'N'
100010
100010
110010
101010
100110
100010
100010

~CHAR: 79 'O'
011100
100010
100010
100010
100010
100010
011100

~CHAR: 80 'P'
111100
100010
100010
111100
100000
100000
100000

~CHAR: 81 'Q'
011100
100010
100010
100010
101010
100100
011010

~CHAR: 82 'R'
111100
100010
100010
111100
101000
100100
100010

~CHAR: 83 'S'
011110
100000
100000
011100
000010
000010
111100

~CHAR: 84 'T'
111110
001000
001000
001000
001000
001000
001000

~CHAR: 85 'U'
100010
100010
100010
100010
100010
100010
011100

~CHAR: 86 'V'
100010
100010
100010
100010
100010
010100
001000

~CHAR: 87 'W'
100010
100010
100010
101010
101010
110110
100010

~CHAR: 88 'X'
100010
100010
010100
001000
010100
100010
100010

~CHAR: 89 'Y'
100010
100010
010100
001000
001000
001000
001000

~CHAR: 90 'Z'
111110
000010
000100
001000
010000
100000
111110

~CHAR: 91 '['
011100
010000
010000
010000
010000
010000
011100

~CHAR: 92 '\'
100000
010000
001000
000100
000010
000000
000000

~CHAR: 93 ']'
011100
000010
000010
000010
000010
000010
011100

~CHAR: 94 '^'
001000
010100
100010
000000
000000
000000
000000

~CHAR: 95 '_'
000000
000000
000000
000000
000000
000000
111110

~CHAR: 96 '`'
001000
001000
000100
000000
000000
000000
000000

~CHAR: 97 'a'
000000
000000
011100
000010
011110
100010
011110

~CHAR: 98 'b'
100000
100000
101100
110010
100010
100010
111100

~CHAR: 99 '~C'
000000
000000
011100
100000
100000
100000
011100

~CHAR: 100 'd'
000010
000010
011010
100110
100010
100010
011110

~CHAR: 101 'e'
000000
000000
011100
100010
111110
100000
011100

~CHAR: 102 'f'
001100
010000
111000
010000
010000
010000
010000

~CHAR: 103 'g'
000000
000000
011110
100010
100010
011110
000010
011100

~CHAR: 104 'h'
100000
100000
101100
110010
100010
100010
100010

~CHAR: 105 'i'
001000
000000
011000
001000
001000
001000
011100

~CHAR: 106 'j'
000100
000000
001100
000100
000100
000100
000100
011000

~CHAR: 107 'k'
100000
100000
100100
101000
110000
101000
100100

~CHAR: 108 'l'
011000
001000
001000
001000
001000
001000
011100

~CHAR: 109 'm'
000000
000000
110100
101010
101010
100010
100010

~CHAR: 110 'n'
000000
000000
101100
110010
100010
100010
100010

~CHAR: 111 'o'
000000
000000
011100
100010
100010
100010
011100

~CHAR: 112 'p'
000000
000000
111100
100010
100010
111100
100000
100000

~CHAR: 113 'q'
000000
000000
011110
100010
100010
011110
000010
000010

~CHAR: 114 'r'
000000
000000
101100
110010
100000
100000
100000

~CHAR: 115 's'
000000
000000
011110
100000
011100
000010
111100

~CHAR: 116 't'
010000
010000
111000
010000
010000
010000
001100

~CHAR: 117 'u'
000000
000000
100010
100010
100010
100110
011010

~CHAR: 118 'v'
000000
000000
100010
100010
100010
010100
001000

~CHAR: 119 'w'
000000
000000
100010
100010
101010
101010
010100

~CHAR: 120 'x'
000000
000000
100010
010100
001000
010100
100010

~CHAR: 121 'y'
000000
000000
100010
100010
100010
011110
000010
011100

~CHAR: 122 'z'
000000
000000
111110
000100
001000
010000
111110

~CHAR: 123 '{'
000100
001000
001000
010000
001000
001000
000100

~CHAR: 124 '|'
001000
001000
001000
001000
001000
001000
001000

~CHAR: 125 '}'
010000
001000
001000
000100
001000
001000
010000

~CHAR: 126 '~'
010000
101010
000100
000000
000000
000000
000000
